20
9223372036854775807 682 488 405 47 979 790 46 504 606 827 979 683 35 684 790 957 146 151 870 
682 9223372036854775807 99 696 126 763 273 116 720 69 614 989 145 322 167 251 908 249 419 41 
488 99 9223372036854775807 767 65 185 271 529 892 764 835 260 561 871 654 374 395 677 567 697 
405 696 767 9223372036854775807 995 67 543 13 459 174 96 330 975 747 242 7 24 846 622 194 
47 126 65 995 9223372036854775807 3 823 493 964 160 387 866 130 747 218 381 553 300 984 837 
979 763 185 67 3 9223372036854775807 298 985 7 196 605 267 516 841 433 573 766 568 774 598 
790 273 271 543 823 298 9223372036854775807 87 697 310 9 393 96 627 952 727 287 13 757 52 
46 116 529 13 493 985 87 9223372036854775807 313 881 193 628 773 836 420 298 515 285 251 993 
504 720 892 459 964 7 697 313 9223372036854775807 511 623 338 219 424 574 548 481 224 160 742 
606 69 764 174 160 196 310 881 511 9223372036854775807 183 354 466 365 845 321 210 553 622 155 
827 614 835 96 387 605 9 193 623 183 9223372036854775807 19 808 229 8 857 236 953 862 58 
979 989 260 330 866 267 393 628 338 354 19 9223372036854775807 918 776 565 405 738 90 395 431 
683 145 561 975 130 516 96 773 219 466 808 918 9223372036854775807 82 878 332 621 771 619 452 
35 322 871 747 747 841 627 836 424 365 229 776 82 9223372036854775807 105 470 850 260 20 464 
684 167 654 242 218 433 952 420 574 845 8 565 878 105 9223372036854775807 496 166 31 386 783 
790 251 374 7 381 573 727 298 548 321 857 405 332 470 496 9223372036854775807 944 935 597 847 
957 908 395 24 553 766 287 515 481 210 236 738 621 850 166 944 9223372036854775807 940 795 651 
146 249 677 846 300 568 13 285 224 553 953 90 771 260 31 935 940 9223372036854775807 855 849 
151 419 567 622 984 774 757 251 160 622 862 395 619 20 386 597 795 855 9223372036854775807 182 
870 41 697 194 837 598 52 993 742 155 58 431 452 464 783 847 651 849 182 9223372036854775807 
